##################################################################################
# clientCount      latAvg      latP50      latP90      latP99    throughput
#                    (ms)        (ms)        (ms)        (ms)     (ops/sec)
----------------------------------------------------------------------------------
            1        1.29        1.07        1.24        1.53           773
            2        1.53        1.30        1.46        1.79          1307
            4        1.69        1.68        1.89        2.12          2367
            8        2.47        2.25        2.56        3.01          3225
           16        3.34        3.34        4.13        4.93          4770
           32        5.79        5.71        7.37        8.69          5509
           64       11.55       11.16       14.83       17.62          5528
